4.3356334e-01 -9.7890631e-01 -9.8280045e-01 -3.6993899e-01
-2.1245523e-01 -9.8810873e-01 -9.9771825e-01 -6.5520668e-01
-3.0478434e-01 -9.8949002e-01 -9.9811159e-01 -6.9564985e-01
9.3262393e-02 -9.8484170e-01 -9.9398740e-01 -5.2127977e-01
-1.6020963e-01 -9.8815182e-01 -9.9694321e-01 -6.3251165e-01
-8.4587770e-02 -9.8727493e-01 -9.9622419e-01 -5.9939972e-01
-3.9360428e-01 -9.9051775e-01 -9.9853775e-01 -7.3445532e-01
-3.4281005e-01 -9.9000346e-01 -9.9827223e-01 -7.1228578e-01
-4.0610881e-01 -9.9012945e-01 -9.9878404e-01 -7.3976109e-01
-3.5882121e-01 -9.8977208e-01 -9.9852212e-01 -7.1916352e-01
4.3627208e-02 -9.8578122e-01 -9.9450510e-01 -5.4315563e-01
-3.2157303e-01 -9.8964498e-01 -9.9821762e-01 -7.0297560e-01
-9.2584181e-02 -9.8749747e-01 -9.9620593e-01 -6.0292951e-01
-1.7266473e-01 -9.8825657e-01 -9.9707273e-01 -6.3795298e-01
-4.2120813e-01 -9.9053715e-01 -9.9876334e-01 -7.4642445e-01
2.1316954e-01 -9.8367281e-01 -9.9063396e-01 -4.6841061e-01
-2.6621510e-01 -9.8919775e-01 -9.9781357e-01 -6.7883248e-01
-9.4792531e-02 -9.8733429e-01 -9.9637686e-01 -6.0385766e-01
-1.8182883e-01 -9.8833723e-01 -9.9716234e-01 -6.4195671e-01
2.4468758e-01 -9.8353343e-01 -9.8911248e-01 -4.5444581e-01
1.5610483e-01 -9.8241730e-01 -9.9434712e-01 -4.9333618e-01
3.6757575e-01 -9.8289164e-01 -9.8008278e-01 -3.9933507e-01
-8.9615842e-02 -9.8801226e-01 -9.9569067e-01 -6.0173239e-01
3.7701643e-01 -9.8137803e-01 -9.8315419e-01 -3.9532642e-01
-3.6857196e-01 -9.8990221e-01 -9.9855817e-01 -7.2342779e-01
-3.6775872e-01 -9.8989864e-01 -9.9855243e-01 -7.2307425e-01
7.9958204e-02 -9.8683989e-01 -9.9183878e-01 -5.2732027e-01
-1.8898592e-01 -9.8749259e-01 -9.9773323e-01 -6.4485257e-01
6.8560313e-01 -9.5988822e-01 -9.7825677e-01 -2.5325335e-01
-3.7305909e-01 -9.8980712e-01 -9.9863137e-01 -7.2534484e-01
1.2462986e-01 -9.8442203e-01 -9.9340196e-01 -5.0746661e-01
-3.8558669e-01 -9.9021670e-01 -9.9858613e-01 -7.3089374e-01
-2.1213843e-01 -9.8771828e-01 -9.9790247e-01 -6.5496422e-01
1.9040895e-01 -9.8214635e-01 -9.9347346e-01 -4.7825146e-01
-3.2829294e-01 -9.8965980e-01 -9.9827970e-01 -7.0589452e-01
-3.7403921e-01 -9.8966776e-01 -9.9868773e-01 -7.2572833e-01
1.8938168e-01 -9.8534750e-01 -9.8902938e-01 -4.7896840e-01
-4.5601954e-01 -9.9093214e-01 -9.9889445e-01 -7.6162345e-01
-3.0211171e-01 -9.8937562e-01 -9.9813671e-01 -6.9445929e-01
-9.7025986e-03 -9.8649787e-01 -9.9522721e-01 -5.6658617e-01
-5.3684009e-02 -9.8660602e-01 -9.9612510e-01 -5.8579382e-01
-2.9457121e-01 -9.8930447e-01 -9.9808857e-01 -6.9116832e-01
1.2695401e-02 -9.8637479e-01 -9.9476342e-01 -5.5677826e-01
-2.1605355e-01 -9.8843056e-01 -9.9759346e-01 -6.5685266e-01
-2.0307750e-01 -9.8868279e-01 -9.9726079e-01 -6.5127606e-01
2.3190357e-01 -9.8387134e-01 -9.8927976e-01 -4.6012212e-01
-2.8038162e-01 -9.8889056e-01 -9.9812662e-01 -6.8489891e-01
-3.8222313e-01 -9.9016239e-01 -9.9857776e-01 -7.2942013e-01
-3.1567927e-01 -9.8971060e-01 -9.9812405e-01 -7.0043641e-01
8.6430193e-02 -9.8541866e-01 -9.9356931e-01 -5.2435590e-01
-4.2301333e-01 -9.9059243e-01 -9.9875828e-01 -7.4722296e-01
-2.2445528e-01 -9.8872970e-01 -9.9753621e-01 -6.6057758e-01
-1.6736943e-01 -9.8811432e-01 -9.9708303e-01 -6.3561703e-01
-3.2846468e-01 -9.8921629e-01 -9.9846296e-01 -7.0584334e-01
-4.7213032e-01 -9.9113344e-01 -9.9894593e-01 -7.6866249e-01
4.8172461e-01 -9.7924597e-01 -9.7538601e-01 -3.4777332e-01
-3.3471030e-01 -9.8955781e-01 -9.9838597e-01 -7.0864900e-01
2.2717016e-01 -9.8240966e-01 -9.9170455e-01 -4.6212062e-01
5.7224686e-02 -9.8515480e-01 -9.9473904e-01 -5.3710364e-01
3.0314855e-01 -9.8054049e-01 -9.9029178e-01 -4.2835122e-01
6.9700300e-01 -9.7430969e-01 -9.2152087e-01 -2.4214090e-01
-1.7453426e-01 -9.8815582e-01 -9.9716711e-01 -6.3874224e-01
-4.2887200e-01 -9.9074416e-01 -9.9875106e-01 -7.4980621e-01
-3.3303147e-01 -9.8973607e-01 -9.9829363e-01 -7.0797086e-01
-3.7784697e-02 -9.8750905e-01 -9.9493092e-01 -5.7901935e-01
-4.3438507e-01 -9.9073568e-01 -9.9879745e-01 -7.5219244e-01
3.4814789e-01 -9.8383541e-01 -9.7938313e-01 -4.0792604e-01
-2.8669975e-01 -9.8902540e-01 -9.9813304e-01 -6.8767707e-01
-3.9317529e-01 -9.9023930e-01 -9.9864239e-01 -7.3418934e-01
1.0554278e-01 -9.8363069e-01 -9.9477155e-01 -5.1569357e-01
-3.2575458e-01 -9.8938613e-01 -9.9837108e-01 -7.0471701e-01
-2.0484790e-01 -9.8785834e-01 -9.9774966e-01 -6.5183732e-01
4.9685282e-01 -9.8105467e-01 -9.6532764e-01 -3.3987111e-01
-1.2268408e-01 -9.8635114e-01 -9.9743717e-01 -6.1575270e-01
-2.7527609e-01 -9.8926493e-01 -9.9788772e-01 -6.8278365e-01
-3.4422224e-03 -9.8620726e-01 -9.9534010e-01 -5.6380003e-01
1.8551430e-01 -9.8424532e-01 -9.9113660e-01 -4.8066044e-01
1.2813407e-01 -9.8515077e-01 -9.9236590e-01 -5.0601119e-01
1.6473167e-01 -9.8386505e-01 -9.9255985e-01 -4.8978072e-01
1.2576618e-01 -9.8575717e-01 -9.9157854e-01 -5.0709622e-01
2.7366687e-02 -9.8602664e-01 -9.9471340e-01 -5.5030717e-01
-7.7055929e-02 -9.8757731e-01 -9.9581251e-01 -5.9617574e-01
1.0134154e-01 -9.8574738e-01 -9.9261053e-01 -5.1784526e-01
7.8428084e-01 -9.7169390e-01 -8.3944307e-01 -1.8691092e-01
-4.1893042e-02 -9.8666091e-01 -9.9583331e-01 -5.8066483e-01
-3.1034886e-01 -9.8967811e-01 -9.9808136e-01 -6.9811477e-01
8.0008052e-02 -9.8497298e-01 -9.9426067e-01 -5.2710491e-01
9.5881378e-01 -9.1062972e-01 -4.5821856e-01 -1.2131089e-02
4.3777339e-01 -9.7955679e-01 -9.8080198e-01 -3.6795563e-01
5.1257680e-01 -9.8067807e-01 -9.6330375e-01 -3.3253608e-01
-3.5412695e-01 -9.8976479e-01 -9.9848288e-01 -7.1712643e-01
3.6962770e-02 -9.8509685e-01 -9.9531666e-01 -5.4594616e-01
-2.0031707e-02 -9.8646232e-01 -9.9550918e-01 -5.7108918e-01
-4.2224187e-01 -9.9063940e-01 -9.9873546e-01 -7.4690251e-01
-3.7338429e-01 -9.9018068e-01 -9.9849158e-01 -7.2559373e-01
-6.6374478e-04 -9.8740566e-01 -9.9398074e-01 -5.6276449e-01
-9.0103698e-02 -9.8743650e-01 -9.9620545e-01 -6.0183628e-01
-1.4358159e-01 -9.8793433e-01 -9.9681677e-01 -6.2522823e-01
-4.4823804e-01 -9.9097907e-01 -9.9882030e-01 -7.5826642e-01
9.0464827e-01 -9.4582644e-01 -7.3651333e-01 -1.0466749e-01
-2.2143494e-01 -9.8846467e-01 -9.9764506e-01 -6.5919869e-01
1.5111262e-01 -9.8510832e-01 -9.9143982e-01 -4.9588871e-01
-8.9693696e-02 -9.8779920e-01 -9.9588939e-01 -6.0172817e-01
-2.3019737e-01 -9.8844206e-01 -9.9776760e-01 -6.6299788e-01
1.6497261e-01 -9.8272700e-01 -9.9378525e-01 -4.8950780e-01
-4.8272443e-02 -9.8712768e-01 -9.9556984e-01 -5.8353640e-01
5.7152764e-01 -9.7409609e-01 -9.7393508e-01 -3.0682706e-01
2.0063954e-02 -9.8709259e-01 -9.9371693e-01 -5.5364851e-01
-4.3649048e-01 -9.9079134e-01 -9.9879452e-01 -7.5312112e-01
-3.1276325e-01 -9.8916866e-01 -9.9833538e-01 -6.9902189e-01
1.9681256e-01 -9.8495908e-01 -9.8934535e-01 -4.7568221e-01
-3.4108926e-01 -9.8997434e-01 -9.9826799e-01 -7.1153141e-01
-2.1838076e-02 -9.8747169e-01 -9.9453436e-01 -5.7204143e-01
2.6092960e-01 -9.8230440e-01 -9.9015694e-01 -4.4719543e-01
-4.6250154e-01 -9.9103645e-01 -9.9890785e-01 -7.6446259e-01
-2.0683361e-01 -9.8816034e-01 -9.9761970e-01 -6.5277884e-01
-2.2250426e-01 -9.8875989e-01 -9.9749182e-01 -6.5973741e-01
-3.9854743e-01 -9.9034021e-01 -9.9865008e-01 -7.3654696e-01
-4.1872068e-01 -9.9078291e-01 -9.9865269e-01 -7.4541824e-01
5.2030323e-01 -9.7625097e-01 -9.7750805e-01 -3.3045168e-01
-3.7699379e-01 -9.9012827e-01 -9.9854506e-01 -7.2714356e-01
-3.7937572e-01 -9.8971733e-01 -9.9871335e-01 -7.2805539e-01
-3.1338565e-01 -9.9017354e-01 -9.9785159e-01 -6.9956067e-01
5.9358791e-01 -9.7546451e-01 -9.6427643e-01 -2.9585194e-01
-4.9020024e-01 -9.9140462e-01 -9.9898768e-01 -7.7657089e-01
-4.9121511e-01 -9.9142937e-01 -9.9898700e-01 -7.7701793e-01
-1.2898836e-01 -9.8798489e-01 -9.9652118e-01 -6.1888717e-01
3.9150594e-01 -9.7954384e-01 -9.8565740e-01 -3.8890597e-01
-1.5392234e-02 -9.8716351e-01 -9.9470071e-01 -5.6917961e-01
-2.2887017e-01 -9.8925228e-01 -9.9727203e-01 -6.6262137e-01
-3.0785619e-01 -9.8960681e-01 -9.9808882e-01 -6.9701411e-01
1.3338210e-01 -9.8356178e-01 -9.9400910e-01 -5.0349612e-01
7.5515264e-01 -9.6618129e-01 -9.2824289e-01 -2.1542117e-01
-5.1346933e-02 -9.8643011e-01 -9.9621117e-01 -5.8473791e-01
-2.4642745e-01 -9.8860724e-01 -9.9787993e-01 -6.7008749e-01
